Namespace(Hidden=5000, arch='resnet32', baseclass=50, basetraining=True, batch_size=256, comt='', cpnet=False, data=None, dataset='cifar100', dirname='save_model/cifar100/resnet32/1-10_9-59-52-757', dist_backend='nccl', dist_url='tcp://224.66.41.62:23456', distributed=False, epochs=160, evaluate=False, gpu=2, incremental=True, lr=0.1, lr_decay_milestones=[120, 140], momentum=0.9, multiprocessing_distributed=False, phase=5, pretrained=False, print_freq=50, rank=-1, recurbase=False, repeat=1, resume='', rg=0.1, seed=None, shot=5, start_epoch=0, subset=False, warm_up_epochs=0, weight_decay=0.0005, workers=8, world_size=-1)15.24
20.72
26.58
27.92
36.64
40.7
42.06
48.06
46.7
45.72
44.46
46.96
50.12
49.38
52.98
56.78
56.88
55.58
60.38
56.02
52.52
58.76
55.12
49.34
58.9
56.18
57.66
56.08
59.16
61.2
54.9
60.14
58.14
62.5
62.5
60.52
58.3
58.48
55.92
58.8
62.58
62.02
61.16
62.16
55.76
59.86
61.74
58.38
60.76
59.84
60.58
60.36
57.94
63.96
60.62
54.44
63.58
57.9
63.22
62.72
58.08
61.72
65.52
63.34
58.78
62.24
63.82
60.22
63.86
59.22
61.58
61.68
62.98
59.0
66.28
56.66
64.28
55.24
63.38
62.92
62.72
58.02
56.04
54.38
53.6
60.76
56.72
62.34
59.34
64.16
62.5
59.04
62.88
59.0
60.62
62.42
60.78
65.68
66.08
56.88
64.7
55.9
61.68
58.06
61.82
62.16
58.84
61.3
57.5
59.8
62.76
59.48
64.76
63.72
55.66
62.62
60.42
61.98
61.8
63.84
75.7
76.66
76.54
76.42
76.88
76.56
76.62
76.94
77.42
76.74
76.4
76.72
76.36
76.8
76.86
76.58
76.64
76.58
76.14
76.74
76.9
76.86
76.84
76.72
76.6
76.6
76.58
76.8
76.96
76.76
76.78
76.88
76.96
76.78
76.86
76.6
76.88
76.64
76.76
76.78
76.72
71.9333
73.82
67.6286
72.1
62.9125
70.86
60.2111
69.36
57.08
67.94
76.9
71.7667
73.96
67.3286
72.02
63.0625
70.8
60.2111
69.24
57.33
68.12
77.04
72.2667
73.66
67.6857
71.56
63.25
70.18
60.4778
68.36
57.63
67.12
76.78
74.9423
75.88
74.2037
74.78
73.125
74.24
72.931
73.92
71.7333
73.32
71.5
72.8
70.4844
72.42
68.8182
72.26
67.9412
72.04
67.7143
71.6
66.9861
71.52
65.5135
71.2
64.5789
71.12
64.1923
71.02
63.5625
70.76
62.3902
70.14
61.7619
69.98
61.2791
69.74
61.0341
69.16
60.6444
68.86
60.0543
68.62
59.2447
68.52
58.9792
68.16
58.3163
68.08
57.67
67.6
76.68
71.75
73.62
67.5286
71.66
63.1875
70.52
60.6667
68.84
57.85
67.66
76.72
75.1154
75.98
74.4259
74.92
72.9464
73.98
72.6379
73.76
71.85
73.54
71.2581
72.82
70.4844
72.6
68.8485
72.28
67.8971
71.96
67.7857
71.7
66.9722
71.54
65.4054
71.14
64.6053
71.06
63.9359
70.76
63.0
70.16
62.0
69.56
61.5119
69.4
61.0349
69.14
60.8864
68.92
60.6
68.78
59.9674
68.46
59.0851
68.48
58.7917
68.02
58.0918
67.64
57.59
67.22
76.62
76.8
71.8833
73.4
67.8857
71.62
63.3125
70.22
60.8222
68.62
57.7
67.46
77.24
75.2692
76.22
74.7222
75.3
73.2679
74.5
72.8103
74.26
71.9167
73.72
71.1774
72.88
70.4219
72.66
68.5909
72.32
67.6029
72.04
67.2571
71.52
66.6111
71.42
65.2162
71.0
64.5
71.0
63.7051
70.68
62.975
70.22
61.8293
69.44
61.3333
69.16
60.907
68.98
60.6818
68.62
60.5444
68.5
59.8478
68.24
58.7553
68.18
58.6667
67.78
58.1122
67.54
57.61
67.14
76.48
72.1
73.42
67.5571
71.4
63.1375
70.08
60.5111
68.58
57.52
67.34
76.94
74.1273
74.64
71.6
73.26
69.5538
72.28
67.4143
71.62
64.6667
71.04
63.0625
70.4
60.9882
69.26
60.4333
68.52
59.2211
68.36
57.57
67.14
76.48
75.6471
76.02
75.0
75.96
74.6038
75.36
74.6296
75.12
74.5636
75.02
73.3214
74.52
73.1754
74.12
72.6552
73.86
72.4576
73.62
71.85
73.48
71.9344
73.32
71.5484
73.04
71.3492
72.94
70.75
72.78
69.8923
72.64
68.9697
72.4
68.2985
72.26
67.9853
72.2
67.9855
71.96
67.8714
71.7
67.507
71.74
67.1667
71.68
66.3014
71.54
65.6351
71.2
65.0267
71.2
64.5921
71.1
64.6493
71.04
64.1667
70.98
63.6835
70.82
63.325
70.6
62.4444
70.38
62.0854
69.8
62.0
69.7
61.5
69.7
61.2
69.42
61.0349
69.2
60.8391
68.98
60.8864
68.88
60.7303
68.68
60.5667
68.68
60.2747
68.64
59.9457
68.28
59.6129
68.4
59.2553
68.36
59.4421
68.3
59.0521
68.0
58.6804
67.8
58.3367
67.86
58.0303
67.6
57.95
67.72
73.66
76.32
76.5
76.8
76.4
77.12
76.86
76.68
76.76
76.74
76.64
76.9
76.56
76.84
76.66
76.64
76.82
76.68
76.34
76.26
76.74
76.62
76.72
75.86
74.86
76.02
76.36
76.64
76.7
76.68
76.88
76.56
76.7
76.54
77.14
76.72
76.6
76.66
76.62
76.5
76.9
76.9
76.7
76.4
76.76
76.74
76.44
75.88
76.02
75.96
76.22
76.48
76.74
76.88
76.6
76.92
77.0
76.58
76.76
76.86
76.8
76.84
76.48
76.78
76.44
76.24
76.88
76.44
76.66
76.62
76.14
75.34
75.98
76.02
76.1
